0.775 0.5
0.72375 0.5225
0.76875 0.55625
0.71375 0.56875
0.75 0.61125
0.69375 0.6125
0.72125 0.66125
0.66625 0.65
0.68375 0.70375
0.63125 0.68125
0.6375 0.7375
0.59125 0.705
0.58375 0.76125
0.54625 0.72
0.5275 0.7725
0.5 0.725
0.47125 0.7725
0.4525 0.72
0.415 0.76125
0.4075 0.705
0.3625 0.7375
0.3675 0.68125
0.315 0.70375
0.3325 0.65
0.2775 0.66125
0.305 0.6125
0.24875 0.61125
0.285 0.56875
0.23 0.55625
0.275 0.5225
0.225 0.5
0.275 0.47625
0.23 0.4425
0.285 0.43
0.24875 0.3875
0.305 0.3875
0.2775 0.3375
0.3325 0.34875
0.315 0.295
0.3675 0.3175
0.36125 0.26125
0.4075 0.29375
0.415 0.2375
0.4525 0.27875
0.47125 0.22625
0.49875 0.275
0.5275 0.22625
0.54625 0.27875
0.58375 0.2375
0.59125 0.29375
0.63625 0.26125
0.63125 0.3175
0.68375 0.295
0.66625 0.34875
0.72125 0.3375
0.69375 0.38625
0.75 0.3875
0.71375 0.43
0.76875 0.4425
0.72375 0.47625
