0.8 0.5
0.6975 0.53125
0.785 0.5925
0.6775 0.59
0.7425 0.67625
0.64125 0.64125
0.67625 0.7425
0.59 0.6775
0.5925 0.785
0.53125 0.6975
0.5 0.8
0.4675 0.6975
0.40625 0.785
0.40875 0.6775
0.3225 0.7425
0.3575 0.64125
0.25625 0.67625
0.32125 0.59
0.21375 0.5925
0.30125 0.53125
0.2 0.5
0.30125 0.4675
0.21375 0.40625
0.32125 0.40875
0.25625 0.3225
0.3575 0.3575
0.3225 0.25625
0.40875 0.32125
0.40625 0.21375
0.4675 0.30125
0.49875 0.2
0.53125 0.30125
0.5925 0.21375
0.59 0.32125
0.67625 0.25625
0.64125 0.3575
0.7425 0.3225
0.6775 0.40875
0.785 0.40625
0.6975 0.4675
