0.8 0.5
0.69875 0.52
0.7925 0.56125
0.69 0.56125
0.77375 0.62125
0.6725 0.6
0.7425 0.67625
0.6475 0.63375
0.7 0.7225
0.6175 0.66125
0.65 0.75875
0.58125 0.6825
0.5925 0.785
0.54125 0.695
0.53125 0.7975
0.5 0.7
0.4675 0.7975
0.4575 0.695
0.40625 0.785
0.4175 0.6825
0.35 0.75875
0.38125 0.66125
0.29875 0.7225
0.35125 0.63375
0.25625 0.67625
0.32625 0.6
0.225 0.62125
0.30875 0.56125
0.20625 0.56125
0.3 0.52
0.2 0.5
0.3 0.47875
0.20625 0.4375
0.30875 0.4375
0.225 0.3775
0.32625 0.4
0.25625 0.3225
0.35125 0.365
0.29875 0.27625
0.38125 0.3375
0.34875 0.24
0.4175 0.31625
0.40625 0.21375
0.4575 0.30375
0.4675 0.20125
0.49875 0.3
0.53125 0.20125
0.54125 0.30375
0.5925 0.21375
0.58125 0.31625
0.64875 0.24
0.6175 0.3375
0.7 0.27625
0.6475 0.365
0.7425 0.3225
0.6725 0.39875
0.77375 0.3775
0.69 0.4375
0.7925 0.4375
0.69875 0.47875
