0.775 0.5
0.72125 0.535
0.76125 0.58375
0.7 0.60125
0.72125 0.66125
0.65875 0.65875
0.66125 0.72125
0.60125 0.7
0.58375 0.76125
0.535 0.72125
0.5 0.775
0.46375 0.72125
0.415 0.76125
0.3975 0.7
0.3375 0.72125
0.34 0.65875
0.2775 0.66125
0.29875 0.60125
0.2375 0.58375
0.2775 0.535
0.225 0.5
0.2775 0.46375
0.2375 0.415
0.29875 0.3975
0.2775 0.3375
0.34 0.34
0.3375 0.2775
0.3975 0.29875
0.415 0.2375
0.46375 0.2775
0.49875 0.225
0.535 0.2775
0.58375 0.2375
0.60125 0.29875
0.66125 0.2775
0.65875 0.34
0.72125 0.3375
0.7 0.3975
0.76125 0.415
0.72125 0.46375
