0.7625 0.5
0.73625 0.5175
0.75875 0.54
0.73 0.555
0.74875 0.58
0.71875 0.59
0.73375 0.61875
0.7025 0.62375
0.71125 0.65375
0.68 0.65375
0.685 0.685
0.65375 0.68
0.65375 0.71125
0.62375 0.7025
0.61875 0.73375
0.59 0.71875
0.58 0.74875
0.555 0.73
0.54 0.75875
0.5175 0.73625
0.5 0.7625
0.48125 0.73625
0.45875 0.75875
0.44375 0.73
0.41875 0.74875
0.40875 0.71875
0.38 0.73375
0.375 0.7025
0.345 0.71125
0.345 0.68
0.31375 0.685
0.31875 0.65375
0.2875 0.65375
0.29625 0.62375
0.265 0.61875
0.28 0.59
0.25 0.58
0.26875 0.555
0.24 0.54
0.2625 0.5175
0.2375 0.5
0.2625 0.48125
0.24 0.45875
0.26875 0.44375
0.25 0.41875
0.28 0.40875
0.265 0.38
0.29625 0.375
0.2875 0.345
0.31875 0.345
0.31375 0.31375
0.345 0.31875
0.345 0.2875
0.375 0.29625
0.38 0.265
0.40875 0.28
0.41875 0.25
0.44375 0.26875
0.45875 0.24
0.48125 0.2625
0.49875 0.2375
0.5175 0.2625
0.54 0.24
0.555 0.26875
0.58 0.25
0.59 0.28
0.61875 0.265
0.62375 0.29625
0.65375 0.2875
0.65375 0.31875
0.685 0.31375
0.68 0.345
0.71125 0.345
0.7025 0.375
0.73375 0.38
0.71875 0.40875
0.74875 0.41875
0.73 0.44375
0.75875 0.45875
0.73625 0.48125
