0.7875 0.5
0.71125 0.51625
0.78375 0.54375
0.70625 0.54875
0.7725 0.58875
0.69625 0.58125
0.755 0.63
0.68 0.61
0.7325 0.66875
0.66125 0.6375
0.7025 0.7025
0.6375 0.66125
0.66875 0.7325
0.61 0.68
0.63 0.755
0.58125 0.69625
0.58875 0.7725
0.54875 0.70625
0.54375 0.78375
0.51625 0.71125
0.5 0.7875
0.4825 0.71125
0.455 0.78375
0.45 0.70625
0.41 0.7725
0.4175 0.69625
0.36875 0.755
0.38875 0.68
0.33 0.7325
0.36125 0.66125
0.29625 0.7025
0.3375 0.6375
0.26625 0.66875
0.31875 0.61
0.24375 0.63
0.3025 0.58125
0.22625 0.58875
0.2925 0.54875
0.215 0.54375
0.2875 0.51625
0.2125 0.5
0.2875 0.4825
0.215 0.455
0.2925 0.45
0.22625 0.41
0.3025 0.4175
0.24375 0.36875
0.31875 0.38875
0.26625 0.33
0.3375 0.36125
0.29625 0.29625
0.36125 0.3375
0.33 0.26625
0.38875 0.31875
0.36875 0.24375
0.4175 0.3025
0.41 0.22625
0.45 0.2925
0.455 0.215
0.4825 0.2875
0.49875 0.2125
0.51625 0.2875
0.54375 0.215
0.54875 0.2925
0.58875 0.22625
0.58125 0.3025
0.63 0.24375
0.61 0.31875
0.66875 0.26625
0.6375 0.3375
0.7025 0.29625
0.66125 0.36125
0.7325 0.33
0.68 0.38875
0.755 0.36875
0.69625 0.4175
0.7725 0.41
0.70625 0.45
0.78375 0.455
0.71125 0.4825
