0.7875 0.5
0.70875 0.5325
0.7725 0.58875
0.68875 0.59625
0.7325 0.66875
0.65 0.65
0.66875 0.7325
0.59625 0.68875
0.58875 0.7725
0.5325 0.70875
0.5 0.7875
0.46625 0.70875
0.41 0.7725
0.4025 0.68875
0.33 0.7325
0.34875 0.65
0.26625 0.66875
0.31 0.59625
0.22625 0.58875
0.29 0.5325
0.2125 0.5
0.29 0.46625
0.22625 0.41
0.31 0.4025
0.26625 0.33
0.34875 0.34875
0.33 0.26625
0.4025 0.31
0.41 0.22625
0.46625 0.29
0.49875 0.2125
0.5325 0.29
0.58875 0.22625
0.59625 0.31
0.66875 0.26625
0.65 0.34875
0.7325 0.33
0.68875 0.4025
0.7725 0.41
0.70875 0.46625
