0.7875 0.5
0.71125 0.52125
0.78 0.55875
0.70125 0.565
0.7625 0.61625
0.68375 0.60625
0.7325 0.66875
0.6575 0.64125
0.69125 0.7125
0.62375 0.67125
0.64375 0.74875
0.58625 0.69375
0.58875 0.7725
0.54375 0.7075
0.53 0.785
0.5 0.7125
0.46875 0.785
0.455 0.7075
0.41 0.7725
0.4125 0.69375
0.35625 0.74875
0.375 0.67125
0.3075 0.7125
0.34125 0.64125
0.26625 0.66875
0.315 0.60625
0.23625 0.61625
0.2975 0.565
0.21875 0.55875
0.2875 0.52125
0.2125 0.5
0.2875 0.4775
0.21875 0.44
0.2975 0.43375
0.23625 0.3825
0.315 0.39375
0.26625 0.33
0.34125 0.3575
0.3075 0.28625
0.375 0.3275
0.355 0.25
0.4125 0.305
0.41 0.22625
0.455 0.29125
0.46875 0.21375
0.49875 0.2875
0.53 0.21375
0.54375 0.29125
0.58875 0.22625
0.58625 0.305
0.6425 0.25
0.62375 0.3275
0.69125 0.28625
0.6575 0.3575
0.7325 0.33
0.68375 0.3925
0.7625 0.3825
0.70125 0.43375
0.78 0.44
0.71125 0.4775
