0.8 0.5
0.69875 0.515
0.79625 0.54625
0.69375 0.54625
0.785 0.5925
0.68375 0.57625
0.76625 0.635
0.67 0.60375
0.7425 0.67625
0.65125 0.62875
0.71125 0.71125
0.62875 0.65125
0.67625 0.7425
0.60375 0.67
0.635 0.76625
0.57625 0.68375
0.5925 0.785
0.54625 0.69375
0.54625 0.79625
0.515 0.69875
0.5 0.8
0.48375 0.69875
0.4525 0.79625
0.4525 0.69375
0.40625 0.785
0.4225 0.68375
0.36375 0.76625
0.395 0.67
0.3225 0.7425
0.37 0.65125
0.2875 0.71125
0.3475 0.62875
0.25625 0.67625
0.32875 0.60375
0.2325 0.635
0.315 0.57625
0.21375 0.5925
0.305 0.54625
0.2025 0.54625
0.3 0.515
0.2 0.5
0.3 0.48375
0.2025 0.4525
0.305 0.4525
0.21375 0.40625
0.315 0.4225
0.2325 0.36375
0.32875 0.395
0.25625 0.3225
0.3475 0.37
0.2875 0.2875
0.37 0.3475
0.3225 0.25625
0.395 0.32875
0.36375 0.2325
0.4225 0.315
0.40625 0.21375
0.4525 0.305
0.4525 0.2025
0.48375 0.3
0.49875 0.2
0.515 0.3
0.54625 0.2025
0.54625 0.305
0.5925 0.21375
0.57625 0.315
0.635 0.2325
0.60375 0.32875
0.67625 0.25625
0.62875 0.3475
0.71125 0.2875
0.65125 0.37
0.7425 0.3225
0.67 0.395
0.76625 0.36375
0.68375 0.4225
0.785 0.40625
0.69375 0.4525
0.79625 0.4525
0.69875 0.48375
