0.775 0.5
0.72375 0.5175
0.77125 0.5425
0.71875 0.5525
0.76125 0.58375
0.7075 0.585
0.745 0.62375
0.69125 0.6175
0.72125 0.66125
0.67 0.645
0.69375 0.69375
0.645 0.67
0.66125 0.72125
0.6175 0.69125
0.62375 0.745
0.585 0.7075
0.58375 0.76125
0.5525 0.71875
0.5425 0.77125
0.5175 0.72375
0.5 0.775
0.48125 0.72375
0.45625 0.77125
0.44625 0.71875
0.415 0.76125
0.41375 0.7075
0.375 0.745
0.38125 0.69125
0.3375 0.72125
0.35375 0.67
0.305 0.69375
0.32875 0.645
0.2775 0.66125
0.3075 0.6175
0.25375 0.62375
0.29125 0.585
0.2375 0.58375
0.28 0.5525
0.2275 0.5425
0.275 0.5175
0.225 0.5
0.275 0.48125
0.2275 0.45625
0.28 0.44625
0.2375 0.415
0.29125 0.41375
0.25375 0.375
0.3075 0.38125
0.2775 0.3375
0.32875 0.35375
0.305 0.305
0.35375 0.32875
0.3375 0.2775
0.38125 0.3075
0.375 0.25375
0.41375 0.29125
0.415 0.2375
0.44625 0.28
0.45625 0.2275
0.48125 0.275
0.49875 0.225
0.5175 0.275
0.5425 0.2275
0.5525 0.28
0.58375 0.2375
0.585 0.29125
0.62375 0.25375
0.6175 0.3075
0.66125 0.2775
0.645 0.32875
0.69375 0.305
0.67 0.35375
0.72125 0.3375
0.69125 0.38125
0.745 0.375
0.7075 0.41375
0.76125 0.415
0.71875 0.44625
0.77125 0.45625
0.72375 0.48125
